% lambda(2) = 10000, iterations = 200
0.010000 26.592140 9.670683 51.961693 88.224517
0.020000 22.082843 9.805065 42.769271 74.657180
0.030000 17.969814 9.936551 34.472679 62.379044
0.040000 14.268563 10.065095 27.064901 51.398558
0.050000 10.989510 10.190692 20.543214 41.723416
0.060000 8.138737 10.313372 14.908440 33.360550
0.070000 5.718778 10.433197 10.164199 26.316174
0.080000 3.729376 10.550248 6.316221 20.595845
0.090000 2.168192 10.664624 3.371728 16.204544
0.100000 1.031422 10.776440 1.338893 13.146755
0.110000 0.314315 10.885813 0.226404 11.426532
0.120000 0.011598 10.992868 0.043105 11.047570
0.130000 0.117803 11.097729 0.797726 12.013258
0.140000 0.627511 11.200519 2.498688 14.326718
0.150000 1.535523 11.301358 5.153969 17.990850
0.160000 2.836977 11.400361 8.771018 23.008355
0.170000 4.527411 11.497636 13.356712 29.381758 
0.180000 6.602795 11.593287 18.917350 37.113431
0.190000 9.059537 11.687410 25.458658 46.205604
0.200000 11.894465 11.780095 32.985819 56.660379
0.210000 15.104803 11.871427 41.503511 68.479740
0.220000 18.688139 11.961483 51.015942 81.665563
0.230000 22.642387 12.050334 61.526903 96.219623
0.240000 26.965748 12.138047 73.039806 112.143601
0.250000 31.656678 12.224683 85.557730 129.439091
