1 0 0.00 0.57
2 0 1.47
1 1 1.53 2.15
1 0 2.22 2.33
2 1 2.44 5.24
2 0 4.27 
3 1 5.18
4 1 5.35
5.40
2 1 5.49 6.59
1 1 7.08 8.20
2 0 d 8.25
2 0 8.38 13.24
1 1 9.18
2 0 13.35 14.22
2 1 14.33 16.30
1 1 15.33
1 0 16.33 16.44
1 1 16.53 18.31
1 1 18.50 19.36
1 0 19.55 20.39
2 0 d 20.49 22.41
2 0 22.45 22.59
2 1 23.09 26.00
1 1 25.35
1 1 25.40 26.10
1 1 26.16 28.46
1 0 28.56 
2 1 29.55 31.41
1 1 31.46
2 0 31.54 36.00
1 0 36.08 55.37
1 0 51.08
3 0 55.47 56.18
2 1 56.23 59.17
1 1 59.18 59.19
2 1 59.39 1.00.16
3 1 d 1.00.51
1 0 d 1.00.51
1 1 1.00.55 1.02.43
4 1 1.02.49 1.04.00
1 1 1.03.56
2 1 1.04.10
1 0 1.04.08 1.04.12
3 1 1.04.20 1.06.01
1 0 1.05.28
1 0 1.05.29
1 1 1.06.08 1.06.39
2 1 1.06.46 1.07.19
3 1 1.07.29