人数 行李 (duse) 上车时间
1 0 10
1 0 1.06
1 1 37
3 1 40
1 0 d
2 1 d
1 0 17
1 0 
3 1 56
1 1 30
1 1 
1 1 29
3 1 
1 1 25
2 1 d 20
3 1 
1 1 25
1 1
1 1 17
1 1 47
1 1 2.46
2 1
3 1 d 1.06
1 1 d 47
1 1 
2 1 22
1 1 
2 1 35
1 0 8
1 1 31
1 1 40
2 0 19
4 1 3. + 55
1 1 
4 1 2.40
2 1 38
3 1 54
2 1
1 0 6
1 0 6
1 0 11
1 0 6
1 0 ...
2 1 50
1 0 d 5
1 0 7
2 1 45
2 0 d 10
1 0 d
1 0 6
1 1 
2 0 23
1 1 30
1 1 20
1 1 14
2 1 33
1 0 d
1 1 36
1 0 15
2 1 39
2 1 
2 1 
1 0 10
1 1 25
1 1 48
1 1 d 34
2 1 49
1 0 d 19
2 0 d 7
1 0 26
1 1 
1 1 d 28
2 1
1 0 13
1 1 22
1 1 20
2 1 29
 